0.0 1.0
0.1 0.995004165278
0.2 0.980066577841
0.3 0.955336489126
0.4 0.921060994003
0.5 0.87758256189
0.6 0.82533561491
0.7 0.764842187284
0.8 0.696706709347
0.9 0.621609968271
1.0 0.540302305868
1.1 0.453596121426
1.2 0.362357754477
1.3 0.267498828625
1.4 0.1699671429
1.5 0.0707372016677
1.6 -0.0291995223013
1.7 -0.128844494296
1.8 -0.227202094693
1.9 -0.323289566864
2.0 -0.416146836547
2.1 -0.5048461046
2.2 -0.588501117255
2.3 -0.66627602128
2.4 -0.737393715541
2.5 -0.801143615547
2.6 -0.856888753369
2.7 -0.904072142017
2.8 -0.942222340669
2.9 -0.97095816515
3.0 -0.9899924966
3.1 -0.999135150273
3.2 -0.998294775795
3.3 -0.987479769909
3.4 -0.966798192579
3.5 -0.936456687291
3.6 -0.896758416334
3.7 -0.84810003171
3.8 -0.790967711914
3.9 -0.7259323042
4.0 -0.653643620864
4.1 -0.574823946533
4.2 -0.490260821341
4.3 -0.40079917208
4.4 -0.307332869978
4.5 -0.210795799431
4.6 -0.112152526935
4.7 -0.0123886634629
4.8 0.0874989834394
4.9 0.186512369423
5.0 0.283662185463
5.1 0.377977742713
5.2 0.4685166713
5.3 0.554374336179
5.4 0.634692875943
5.5 0.708669774291
5.6 0.77556587851
5.7 0.834712784839
5.8 0.885519516941
5.9 0.927478430744
6.0 0.96017028665
6.1 0.983268438443
6.2 0.996542097023
6.3 0.999858636383
6.4 0.993184918758
6.5 0.976587625728
6.6 0.950232591959
6.7 0.914383148235
6.8 0.86939749035
6.9 0.815725100125
7.0 0.753902254343
7.1 0.684546666443
7.2 0.608351314532
7.3 0.526077517381
7.4 0.438547327574
7.5 0.346635317835
7.6 0.251259842582
7.7 0.153373862038
7.8 0.0539554205626
7.9 -0.0460021256395
8.0 -0.145500033809
8.1 -0.243544153736
8.2 -0.339154860984
8.3 -0.431376844971
8.4 -0.519288654117
8.5 -0.602011902685
8.6 -0.67872004732
8.7 -0.748646645597
8.8 -0.811093014062
8.9 -0.865435209241
9.0 -0.911130261885
9.1 -0.947721602131
9.2 -0.974843621404
9.3 -0.992225325453
9.4 -0.999693042035
9.5 -0.997172156196
9.6 -0.984687855794
9.7 -0.962364879831
9.8 -0.930426272105
9.9 -0.889191152625
10.0 -0.839071529076
10.1 -0.780568180169
10.2 -0.714265652027
10.3 -0.640826417595
10.4 -0.560984257427
10.5 -0.475536927996
10.6 -0.385338190772
10.7 -0.291289281721
10.8 -0.194329906455
10.9 -0.095428851001
11.0 0.00442569798805
11.1 0.104236026866
11.2 0.203004863819
11.3 0.299745343277
11.4 0.393490866348
11.5 0.483304758753
11.6 0.568289629768
11.7 0.647596338654
11.8 0.720432478991
11.9 0.786070296141
12.0 0.843853958732
12.1 0.893206111509
12.2 0.933633644075
12.3 0.964732617887
12.4 0.986192302279
12.5 0.997798279179
12.6 0.999434585501
12.7 0.991084871814
12.8 0.972832565697
12.9 0.94486003816
13.0 0.90744678145
13.1 0.860966616462
13.2 0.80588395764
13.3 0.742749172704
13.4 0.672193083553
13.5 0.59492066331
13.6 0.511703992453
13.7 0.423374544451
13.8 0.330814877949
13.9 0.23494981854
14.0 0.136737218208
14.1 0.0371583847908
14.2 -0.0627917229241
14.3 -0.1621144365
14.4 -0.259817356214
14.5 -0.354924266789
14.6 -0.446484891412
14.7 -0.533584386589
14.8 -0.615352482955
14.9 -0.690972180719
15.0 -0.759687912859
15.1 -0.820813094493
15.2 -0.873736983011
15.3 -0.917930780414
15.4 -0.952952916887
15.5 -0.978453462819
15.6 -0.994177625184
15.7 -0.999968293349
15.8 -0.995767608873
15.9 -0.981617543606
16.0 -0.957659480323
16.1 -0.924132800073
16.2 -0.881372490362
16.3 -0.829805798071
16.4 -0.769947960542
16.5 -0.702397057503
16.6 -0.627828035246
16.7 -0.546985962794
16.8 -0.460678587411
16.9 -0.369768263863
17.0 -0.275163338052
17.1 -0.177809071123
17.2 -0.0786781947318
17.3 0.0212388081736
17.4 0.120943599928
17.5 0.219439963211
17.6 0.315743754919
17.7 0.408892739399
17.8 0.497956202788
17.9 0.582044252402
18.0 0.660316708244
18.1 0.731991497809
18.2 0.796352470292
18.3 0.852756552131
18.4 0.900640172385
18.5 0.939524893748
18.6 0.969022192939
18.7 0.988837342694
18.8 0.998772356587
18.9 0.998727967244
19.0 0.988704618187
19.1 0.968802459407
19.2 0.939220346697
19.3 0.900253854747
19.4 0.852292323865
19.5 0.795814969814
19.6 0.731386095645
19.7 0.659649453373
19.8 0.581321811814
19.9 0.497185794871
